7
property
service 1500
luckyfield 150
property
luckyfield 100
service 3000
property
3
JonSnow Tactical
DaenerysTargaryen Careful
SansaStark Greedy

  2 4 3 2 1 6 2 1 4 5 1  53 6 4 1 2  6 2 4 3 6 4 1 2 3 6 4 1 2
 3 6 2 1 4 5 1 3 5 6 2 4  2 1 4 5 1 3 5  4  6 4 1 1 4 5 1 3 5  4  6 4 3 2 12 1 4 5 1 3 5 6 2 4 3 6 2 3 6 
4 1 2 1 4 5 1  5 6 2 4 3 6 2 1 4 5 52 4  2 4 3 2 1 6  5  4  6 4 1 6 2 1 4 5 1 
6 4 3 2 1   2 1 4 5 1 3 5 6 2 4 3 6 4 3 2 1 6 2 1 4 5 1  53 6 4 1 2  6 2 4 3 6 4 1 2 3 6 4 1 2
 3 6 2 1 4 5 1 3 5 6 2 4  2 1 4 5 52 4  2 4 3 2 1 6  5  4  6 4 1 6 2 1 4 5 1 
6 4 3 2 1   2 1 4 5 1 3 5 6 2 4 3 6 1 4 5 52 4  2 4 3 2 1 6  5  4  6 4 1 6 2 1 4 5 1 
6 4 3 2 1   2 1 4 5 1 3 5 6 2 4 3 6