4
property
service 1000
luckyfield 500
property
3
JonSnow Tactical
AryaStark  Greedy
DaenerysTargaryen Careful

3 2 5 1 2 2 1 5 1 3 5 6 2 4 3 6 2 1 4 5 1 3 5 6 2 4  2 1 4 5 1 3 5 6 2 4 3 6 4 3 2 1 6 2 1 4 5 1  5 6 2 4
 3 6 2 1 4 5 1 3 5 6 2 4  2 4 3 2 1 6 2 1 4 5 1  53 6 4 1 2  6 2 4 3 6 4 1 2 3 6 4 1 2
 3 6 2 1 4 5 1 3 5 6 2 4  2 1 4 5 1 3 5  4  6 4 1 1 4 5 1 3 5  4  6 4 3 2 12 1 4 5 1 3 5 6 2 4 3 6 2 3 6 
4 1 2 1 4 5 1  5 6 2 4 3 6 2 1 4 5 52 4  2 4 3 2 1 6  5  4  6 4 1 6 2 1 4 5 1 
6 4 3 2 1   2 1 4 5 1 3 5 6 2 4 3 6 4 3 2 1 6 2 1 4 5 1  